14	20000	20000	2473f	20000	201b0	20000	20199	20000	20149	20000	20126	20000	20287	20000	2019f	20000	2030b	20000	20193	20000	202fb	20000	20141	20000	20250	20000	202a3	20000	20248	20000	201c3	20000	20242	20000	2019c	20000	20307	20000	2038b	20000	20300	20000	2020a	20000	20218	20000	201ea	20000	20286	20000	202c8	20000	2029c	20000	20264	20000	20323	20000	2016b	20000	20241	20000	202db	20000	20406	20000	20199	700	1519046942
15	20000	20004	24329	20000	20280	20000	20271	20000	201f3	20000	20234	20000	202aa	20000	204ed	20000	201d6	20003	2804a	20000	2030f	20000	20242	20000	2026b	20000	20260	20000	2014d	20000	20225	20000	20156	20000	20189	20000	2020a	20000	28032	20000	20198	20000	201d2	20000	201e6	20000	205ee	20000	202a6	20000	203b7	20000	20261	20000	200f3	20000	201a2	20000	20137	20000	20193	20000	201fc	20000	201b6	20000	2026e	700	1519046942
12	20000	20000	26290	20000	205ba	20000	2024f	20000	202a9	20000	202a1	20000	20514	20000	20237	20000	2029d	20000	202e8	20000	2009f	20000	2025c	20000	202d6	20000	202c5	20000	202ee	20000	2030e	20000	204af	20000	20229	20000	20353	20000	20374	20000	202a6	20000	202ac	20000	20319	20000	20318	20000	20370	20000	202cb	20000	202dc	20000	20487	20000	20283	20000	20231	20000	202ad	20000	20400	20000	20428	20000	20588	700	1519051523
13	20000	2000c	2b8af	20000	2053c	20000	20d50	20000	20526	20000	2056d	20000	206c8	20000	20623	20000	205cd	20000	21239	20000	206ed	20000	203c7	20000	2072d	20000	20369	20000	203f0	20000	20944	20000	20423	2000b	2cde6	20000	20629	20000	20442	20000	2045c	20000	20798	20000	20571	20000	209e1	20000	20a9e	20000	2131c	20000	20adc	20000	2073b	20000	207f1	20000	206c1	20000	20819	20000	2049e	20000	20ade	20000	20b07	700	1519051523
10	20000	20000	28b67	20000	20280	20000	202cb	20000	2060b	20000	2024f	20000	20235	20000	2021b	20000	203dc	20000	202b0	20000	206bd	20000	20a7a	20000	203b4	20000	204b3	20000	204c1	20000	20498	20000	203ce	20000	20571	20000	203c8	20000	20361	20000	2043e	20000	204c1	20000	204f1	20000	2051f	20000	20668	20000	2067c	20000	204d8	20000	20381	20000	20260	20000	202c8	20000	208e8	20000	2026c	20000	20382	20000	2052a	700	1519055429
11	20000	20000	23a8f	20000	2018d	20000	201a3	20000	20333	20000	200f4	20000	20164	20000	2029a	20000	2012c	20000	2015a	20000	201b8	20000	203c2	20000	201cf	20000	203e8	20000	2017c	20000	2039f	20000	20155	20000	201d9	20000	20121	20000	20106	20000	2012a	20000	200bf	20000	20263	20000	20294	20000	201a6	20000	2011f	20000	2024b	20000	2010e	20000	20260	20000	20245	20000	2024b	20000	200c1	20000	20255	20000	201a8	700	1519055429
8	20000	20000	235fd	20000	201b5	20000	20140	20000	2015c	20000	20072	20000	2018d	20000	201ae	20000	200ef	20000	2016a	20000	202d6	20000	20163	20000	2017f	20000	201f1	20000	2011e	20000	200e4	20000	202b9	20000	2011d	20000	202ba	20000	201cc	20000	20311	20000	20182	20000	202ac	20000	20234	20000	20324	20000	20213	20000	20000	20000	20000	20000	20201	20000	2019e	20000	203af	20000	20239	20000	200e2	20000	20214	700	1519312364
9	20000	20000	239f3	20000	200fb	20000	2023f	20000	200c0	20000	202fa	20000	200ba	20000	200d0	20000	2037f	20000	2012d	20000	20319	20000	200d0	20000	201b5	20000	200ca	20000	201b6	20000	2026b	20000	2010e	20000	203a8	20000	20131	20000	2009d	20000	20303	20000	20158	20000	202e8	20000	2014e	20000	201d5	20000	20242	20000	20283	20000	20311	20000	200f0	20000	2031f	20000	20277	20000	201b4	20000	20226	20000	20142	700	1519312365
6	20000	20000	2b53b	20000	20803	20000	20a38	20000	20387	20000	20000	20000	20226	20000	20428	20000	20d9d	20000	203a9	20000	20000	20000	20551	20000	20359	20000	20566	20000	20723	20000	20628	20000	20318	20000	20322	20000	205d0	20000	205d3	20000	2097f	20000	204be	20000	20553	20000	20c31	20000	2047e	20000	20775	20000	206d0	20000	20584	20000	2084b	20000	2065f	20000	20155	20000	209a6	20000	206f9	20000	203aa	700	1519314403
7	20000	20000	23051	20000	2014e	20000	20158	20000	20074	20000	2009a	20000	20168	20000	2022e	20000	200e0	20000	200d8	20000	200e9	20000	20214	20000	201b6	20000	2020b	20000	201ba	20000	201fe	20000	200cc	20000	201fd	20000	2015a	20000	2005a	20000	200fe	20000	200c2	20000	201c6	20000	20322	20000	202c7	20000	202ca	20000	20148	20000	20202	20000	200cd	20000	203ca	20000	20125	20000	200f3	20000	20353	20000	2003d	700	1519314403
4	20000	20000	24d16	20000	21686	20000	2015d	20000	201e9	20000	2022d	20000	20167	20000	20232	20000	20141	20000	201e9	20000	20160	20000	2019b	20000	20289	20000	201f8	20000	201df	20000	201bf	20000	20259	20000	203b1	20000	2021f	20000	2022d	20000	202fb	20000	201be	20000	2014e	20000	20194	20000	201c0	20000	2019a	20000	20278	20000	2015c	20000	2013c	20000	201b1	20000	201d7	20000	20000	20000	20000	20000	2030f	700	1519384832
5	20000	20000	22a41	20000	20122	20000	200a0	20000	200a6	20000	20065	20000	20147	20000	2015d	20000	20109	20000	2012a	20000	20156	20000	2010f	20000	20346	20000	201e6	20000	20081	20000	2011c	20000	20129	20000	200e8	20000	202f8	20000	201a2	20000	2010b	20000	20228	20000	2026a	20000	20132	20000	2019b	20000	2018f	20000	200f1	20000	200e6	20000	20190	20000	200d9	20000	200ea	20000	201cd	20000	20232	20000	20190	700	1519384832
2	20000	20000	24c06	20000	216c3	20000	20880	20000	202af	20000	20141	20000	200e7	20000	2013c	20000	200f3	20000	20356	20000	201ec	20000	202e9	20000	20107	20000	20412	20000	20121	20000	201b5	20000	20519	20000	2028a	20000	200a6	20000	20117	20000	200ca	20000	200af	20000	201ae	20000	200b3	20000	200b7	20000	200e8	20000	20111	20000	2010f	20000	20127	20000	200eb	20000	200cc	20000	200e3	20000	200dd	20000	20138	700	1519393209
3	20000	20000	2b0e0	20000	20db7	20000	203e0	20000	202ec	20000	20146	20000	20502	20000	203fa	20000	20289	20000	20596	20000	20133	20000	2037b	20000	2032b	20000	20357	20000	2035b	20000	202cd	20000	2032c	20000	202ec	20000	2049f	20000	20d6b	20000	20b7a	20000	20a49	20000	20215	20000	20635	20000	206f0	20000	20962	20000	2074a	20000	206bd	20000	205e9	20000	204bb	20000	206d2	20000	207b9	20000	20af8	20000	201cd	700	1519393209
0	20000	20000	2270e	20000	20128	20000	200f4	20000	200d3	20000	2015b	20000	200ab	20000	20099	20000	20085	20000	20164	20000	2010b	20000	2011a	20000	20125	20000	2012b	20000	20132	20000	201aa	20000	201c6	20000	200d1	20000	201bc	20000	202aa	20000	20112	20000	2025a	20000	20137	20000	20228	20000	20220	20000	202d6	20000	20161	20000	20000	20000	20000	20000	20000	20000	20168	20000	201d5	20000	20144	20000	200c5	700	1519395847
1	20000	20000	2efec	20000	2088d	20000	202de	20000	208d3	20000	20899	20000	206c9	20000	209de	20000	20580	20000	2075d	20000	206cc	20000	20962	20000	2043b	20000	206ad	20000	207b6	20000	20662	20000	208d9	20000	2046c	20000	209c1	20000	20b6d	20000	20aa5	20000	208b1	20000	20baf	20000	209a8	20000	208cd	20000	2066e	20000	20b07	20000	2020f	20000	20825	20000	20246	20000	20b37	20000	20752	20000	206eb	20000	20344	700	1519395847
